(kicad_pcb (version 20171130) (host pcbnew "(5.1.8)-1")

  (general
    (thickness 1.6)
    (drawings 42)
    (tracks 320)
    (zones 0)
    (modules 27)
    (nets 35)
  )

  (page A4 portrait)
  (layers
    (0 F.Cu signal)
    (31 B.Cu signal)
    (32 B.Adhes user)
    (33 F.Adhes user)
    (34 B.Paste user)
    (35 F.Paste user)
    (36 B.SilkS user)
    (37 F.SilkS user)
    (38 B.Mask user)
    (39 F.Mask user)
    (40 Dwgs.User user)
    (41 Cmts.User user)
    (42 Eco1.User user)
    (43 Eco2.User user)
    (44 Edge.Cuts user)
    (45 Margin user)
    (46 B.CrtYd user)
    (47 F.CrtYd user)
    (48 B.Fab user)
    (49 F.Fab user)
  )

  (setup
    (last_trace_width 0.25)
    (user_trace_width 0.4)
    (user_trace_width 0.5)
    (user_trace_width 0.6)
    (user_trace_width 0.8)
    (user_trace_width 1)
    (trace_clearance 0.2)
    (zone_clearance 0.508)
    (zone_45_only no)
    (trace_min 0.2)
    (via_size 0.8)
    (via_drill 0.4)
    (via_min_size 0.4)
    (via_min_drill 0.3)
    (user_via 1.6 0.9)
    (uvia_size 0.3)
    (uvia_drill 0.1)
    (uvias_allowed no)
    (uvia_min_size 0.2)
    (uvia_min_drill 0.1)
    (edge_width 0.05)
    (segment_width 0.2)
    (pcb_text_width 0.3)
    (pcb_text_size 1.5 1.5)
    (mod_edge_width 0.12)
    (mod_text_size 1 1)
    (mod_text_width 0.15)
    (pad_size 2.3 2.3)
    (pad_drill 1.1)
    (pad_to_mask_clearance 0.051)
    (solder_mask_min_width 0.1)
    (aux_axis_origin 0 0)
    (visible_elements 7FFFFFFF)
    (pcbplotparams
      (layerselection 0x010fc_ffffffff)
      (usegerberextensions false)
      (usegerberattributes false)
      (usegerberadvancedattributes false)
      (creategerberjobfile false)
      (excludeedgelayer true)
      (linewidth 0.100000)
      (plotframeref false)
      (viasonmask false)
      (mode 1)
      (useauxorigin false)
      (hpglpennumber 1)
      (hpglpenspeed 20)
      (hpglpendiameter 15.000000)
      (psnegative false)
      (psa4output false)
      (plotreference true)
      (plotvalue true)
      (plotinvisibletext false)
      (padsonsilk false)
      (subtractmaskfromsilk false)
      (outputformat 1)
      (mirror false)
      (drillshape 0)
      (scaleselection 1)
      (outputdirectory "gerber/"))
  )

  (net 0 "")
  (net 1 VCC)
  (net 2 /12)
  (net 3 /13)
  (net 4 /A0)
  (net 5 /A1)
  (net 6 /A2)
  (net 7 /A3)
  (net 8 /A4)
  (net 9 /A5)
  (net 10 GND)
  (net 11 /2)
  (net 12 /3)
  (net 13 /4)
  (net 14 /5)
  (net 15 /6)
  (net 16 /7)
  (net 17 /8)
  (net 18 /9)
  (net 19 /10)
  (net 20 /11)
  (net 21 /~RESET)
  (net 22 "Net-(C2-Pad1)")
  (net 23 "Net-(C3-Pad2)")
  (net 24 "Net-(D2-Pad1)")
  (net 25 /TX)
  (net 26 /RX)
  (net 27 "Net-(R3-Pad1)")
  (net 28 "Net-(R4-Pad1)")
  (net 29 "Net-(U1-Pad19)")
  (net 30 "Net-(U1-Pad22)")
  (net 31 /RST)
  (net 32 "Net-(D3-Pad1)")
  (net 33 "Net-(J1-Pad1)")
  (net 34 "Net-(R7-Pad2)")

  (net_class Default "Это класс цепей по умолчанию."
    (clearance 0.2)
    (trace_width 0.25)
    (via_dia 0.8)
    (via_drill 0.4)
    (uvia_dia 0.3)
    (uvia_drill 0.1)
    (add_net /10)
    (add_net /11)
    (add_net /12)
    (add_net /13)
    (add_net /2)
    (add_net /3)
    (add_net /4)
    (add_net /5)
    (add_net /6)
    (add_net /7)
    (add_net /8)
    (add_net /9)
    (add_net /A0)
    (add_net /A1)
    (add_net /A2)
    (add_net /A3)
    (add_net /A4)
    (add_net /A5)
    (add_net /RST)
    (add_net /RX)
    (add_net /TX)
    (add_net /~RESET)
    (add_net GND)
    (add_net "Net-(C2-Pad1)")
    (add_net "Net-(C3-Pad2)")
    (add_net "Net-(D2-Pad1)")
    (add_net "Net-(D3-Pad1)")
    (add_net "Net-(J1-Pad1)")
    (add_net "Net-(R3-Pad1)")
    (add_net "Net-(R4-Pad1)")
    (add_net "Net-(R7-Pad2)")
    (add_net "Net-(U1-Pad19)")
    (add_net "Net-(U1-Pad22)")
    (add_net VCC)
  )

  (module MountingHole:MountingHole_3.2mm_M3 (layer F.Cu) (tedit 56D1B4CB) (tstamp 5D79781E)
    (at 115.655 40.0125)
    (descr "Mounting Hole 3.2mm, no annular, M3")
    (tags "mounting hole 3.2mm no annular m3")
    (path /5D791BF4)
    (attr virtual)
    (fp_text reference H1 (at -3.81 -4.2 90) (layer F.SilkS) hide
      (effects (font (size 1 1) (thickness 0.15)))
    )
    (fp_text value MountingHole (at 2.54 -5.08 90) (layer F.Fab) hide
      (effects (font (size 1 1) (thickness 0.15)))
    )
    (fp_circle (center 0 0) (end 3.2 0) (layer Cmts.User) (width 0.15))
    (fp_circle (center 0 0) (end 3.45 0) (layer F.CrtYd) (width 0.05))
    (fp_text user %R (at 0.3 0 90) (layer F.Fab)
      (effects (font (size 1 1) (thickness 0.15)))
    )
    (pad 1 np_thru_hole circle (at 0 0 270) (size 3.2 3.2) (drill 3.2) (layers *.Cu *.Mask))
  )

  (module MountingHole:MountingHole_3.2mm_M3 (layer F.Cu) (tedit 56D1B4CB) (tstamp 5D797826)
    (at 83.735 40.0125)
    (descr "Mounting Hole 3.2mm, no annular, M3")
    (tags "mounting hole 3.2mm no annular m3")
    (path /5D793188)
    (attr virtual)
    (fp_text reference H2 (at -3.81 3.81 90) (layer F.SilkS) hide
      (effects (font (size 1 1) (thickness 0.15)))
    )
    (fp_text value MountingHole (at 3.81 5.08 90) (layer F.Fab) hide
      (effects (font (size 1 1) (thickness 0.15)))
    )
    (fp_circle (center 0 0) (end 3.45 0) (layer F.CrtYd) (width 0.05))
    (fp_circle (center 0 0) (end 3.2 0) (layer Cmts.User) (width 0.15))
    (fp_text user %R (at 0.3 0 90) (layer F.Fab)
      (effects (font (size 1 1) (thickness 0.15)))
    )
    (pad 1 np_thru_hole circle (at 0 0 270) (size 3.2 3.2) (drill 3.2) (layers *.Cu *.Mask))
  )

  (module MountingHole:MountingHole_3.2mm_M3 (layer F.Cu) (tedit 56D1B4CB) (tstamp 5D79782E)
    (at 115.655 71.1125)
    (descr "Mounting Hole 3.2mm, no annular, M3")
    (tags "mounting hole 3.2mm no annular m3")
    (path /5D793224)
    (attr virtual)
    (fp_text reference H3 (at 3.81 -3.81 90) (layer F.SilkS) hide
      (effects (font (size 1 1) (thickness 0.15)))
    )
    (fp_text value MountingHole (at -2.54 -5.08 90) (layer F.Fab) hide
      (effects (font (size 1 1) (thickness 0.15)))
    )
    (fp_circle (center 0 0) (end 3.2 0) (layer Cmts.User) (width 0.15))
    (fp_circle (center 0 0) (end 3.45 0) (layer F.CrtYd) (width 0.05))
    (fp_text user %R (at 0.3 0 90) (layer F.Fab)
      (effects (font (size 1 1) (thickness 0.15)))
    )
    (pad 1 np_thru_hole circle (at 0 0 270) (size 3.2 3.2) (drill 3.2) (layers *.Cu *.Mask))
  )

  (module MountingHole:MountingHole_3.2mm_M3 (layer F.Cu) (tedit 56D1B4CB) (tstamp 5D797836)
    (at 83.735 71.1125)
    (descr "Mounting Hole 3.2mm, no annular, M3")
    (tags "mounting hole 3.2mm no annular m3")
    (path /5D7932CC)
    (attr virtual)
    (fp_text reference H4 (at 3.81 3.81 90) (layer F.SilkS) hide
      (effects (font (size 1 1) (thickness 0.15)))
    )
    (fp_text value MountingHole (at -5.08 5.08 90) (layer F.Fab) hide
      (effects (font (size 1 1) (thickness 0.15)))
    )
    (fp_circle (center 0 0) (end 3.45 0) (layer F.CrtYd) (width 0.05))
    (fp_circle (center 0 0) (end 3.2 0) (layer Cmts.User) (width 0.15))
    (fp_text user %R (at 0 0 90) (layer F.Fab)
      (effects (font (size 1 1) (thickness 0.15)))
    )
    (pad 1 np_thru_hole circle (at 0 0 270) (size 3.2 3.2) (drill 3.2) (layers *.Cu *.Mask))
  )

  (module Connector_PinSocket_2.54mm:PinSocket_1x10_P2.54mm_Vertical (layer F.Cu) (tedit 5ED29C30) (tstamp 5E7BED97)
    (at 111.125 39.0525 270)
    (descr "Through hole straight socket strip, 1x10, 2.54mm pitch, single row (from Kicad 4.0.7), script generated")
    (tags "Through hole socket strip THT 1x10 2.54mm single row")
    (path /5E7C174E)
    (fp_text reference J1 (at -2.8575 -2.2225 90) (layer F.SilkS) hide
      (effects (font (size 1 1) (thickness 0.15)))
    )
    (fp_text value Conn_01x10_Male (at 0 25.63 90) (layer F.Fab)
      (effects (font (size 1 1) (thickness 0.15)))
    )
    (fp_line (start -1.8 24.6) (end -1.8 -1.8) (layer F.CrtYd) (width 0.05))
    (fp_line (start 1.75 24.6) (end -1.8 24.6) (layer F.CrtYd) (width 0.05))
    (fp_line (start 1.75 -1.8) (end 1.75 24.6) (layer F.CrtYd) (width 0.05))
    (fp_line (start -1.8 -1.8) (end 1.75 -1.8) (layer F.CrtYd) (width 0.05))
    (fp_line (start 0 -1.33) (end 1.33 -1.33) (layer F.SilkS) (width 0.12))
    (fp_line (start 1.33 -1.33) (end 1.33 0) (layer F.SilkS) (width 0.12))
    (fp_line (start 1.33 1.27) (end 1.33 24.19) (layer F.SilkS) (width 0.12))
    (fp_line (start -1.33 24.19) (end 1.33 24.19) (layer F.SilkS) (width 0.12))
    (fp_line (start -1.33 1.27) (end -1.33 24.19) (layer F.SilkS) (width 0.12))
    (fp_line (start -1.33 1.27) (end 1.33 1.27) (layer F.SilkS) (width 0.12))
    (fp_line (start -1.27 24.13) (end -1.27 -1.27) (layer F.Fab) (width 0.1))
    (fp_line (start 1.27 24.13) (end -1.27 24.13) (layer F.Fab) (width 0.1))
    (fp_line (start 1.27 -0.635) (end 1.27 24.13) (layer F.Fab) (width 0.1))
    (fp_line (start 0.635 -1.27) (end 1.27 -0.635) (layer F.Fab) (width 0.1))
    (fp_line (start -1.27 -1.27) (end 0.635 -1.27) (layer F.Fab) (width 0.1))
    (fp_text user %R (at 0 11.43) (layer F.Fab)
      (effects (font (size 1 1) (thickness 0.15)))
    )
    (pad 1 thru_hole rect (at 0 0 270) (size 2.3 2.3) (drill 1) (layers *.Cu *.Mask)
      (net 33 "Net-(J1-Pad1)"))
    (pad 2 thru_hole oval (at 0 2.54 270) (size 2.3 2.3) (drill 1) (layers *.Cu *.Mask)
      (net 2 /12))
    (pad 3 thru_hole oval (at 0 5.08 270) (size 2.3 2.3) (drill 1) (layers *.Cu *.Mask)
      (net 3 /13))
    (pad 4 thru_hole oval (at 0 7.62 270) (size 2.3 2.3) (drill 1) (layers *.Cu *.Mask)
      (net 4 /A0))
    (pad 5 thru_hole oval (at 0 10.16 270) (size 2.3 2.3) (drill 1) (layers *.Cu *.Mask)
      (net 5 /A1))
    (pad 6 thru_hole oval (at 0 12.7 270) (size 2.3 2.3) (drill 1) (layers *.Cu *.Mask)
      (net 6 /A2))
    (pad 7 thru_hole oval (at 0 15.24 270) (size 2.3 2.3) (drill 1) (layers *.Cu *.Mask)
      (net 7 /A3))
    (pad 8 thru_hole oval (at 0 17.78 270) (size 2.3 2.3) (drill 1) (layers *.Cu *.Mask)
      (net 8 /A4))
    (pad 9 thru_hole oval (at 0 20.32 270) (size 2.3 2.3) (drill 1) (layers *.Cu *.Mask)
      (net 9 /A5))
    (pad 10 thru_hole oval (at 0 22.86 270) (size 2.3 2.3) (drill 1) (layers *.Cu *.Mask)
      (net 10 GND))
    (model ${KISYS3DMOD}/Connector_PinSocket_2.54mm.3dshapes/PinSocket_1x10_P2.54mm_Vertical.wrl
      (at (xyz 0 0 0))
      (scale (xyz 1 1 1))
      (rotate (xyz 0 0 0))
    )
  )

  (module Connector_PinSocket_2.54mm:PinSocket_1x10_P2.54mm_Vertical (layer F.Cu) (tedit 5E9C7DAC) (tstamp 5E7BEDB5)
    (at 111.125 72.0725 270)
    (descr "Through hole straight socket strip, 1x10, 2.54mm pitch, single row (from Kicad 4.0.7), script generated")
    (tags "Through hole socket strip THT 1x10 2.54mm single row")
    (path /5E7C1FC2)
    (fp_text reference J2 (at 2.54 -2.2225 90) (layer F.SilkS) hide
      (effects (font (size 1 1) (thickness 0.15)))
    )
    (fp_text value Conn_01x10_Male (at 0 25.63 90) (layer F.Fab)
      (effects (font (size 1 1) (thickness 0.15)))
    )
    (fp_line (start -1.27 -1.27) (end 0.635 -1.27) (layer F.Fab) (width 0.1))
    (fp_line (start 0.635 -1.27) (end 1.27 -0.635) (layer F.Fab) (width 0.1))
    (fp_line (start 1.27 -0.635) (end 1.27 24.13) (layer F.Fab) (width 0.1))
    (fp_line (start 1.27 24.13) (end -1.27 24.13) (layer F.Fab) (width 0.1))
    (fp_line (start -1.27 24.13) (end -1.27 -1.27) (layer F.Fab) (width 0.1))
    (fp_line (start -1.33 1.27) (end 1.33 1.27) (layer F.SilkS) (width 0.12))
    (fp_line (start -1.33 1.27) (end -1.33 24.19) (layer F.SilkS) (width 0.12))
    (fp_line (start -1.33 24.19) (end 1.33 24.19) (layer F.SilkS) (width 0.12))
    (fp_line (start 1.33 1.27) (end 1.33 24.19) (layer F.SilkS) (width 0.12))
    (fp_line (start 1.33 -1.33) (end 1.33 0) (layer F.SilkS) (width 0.12))
    (fp_line (start 0 -1.33) (end 1.33 -1.33) (layer F.SilkS) (width 0.12))
    (fp_line (start -1.8 -1.8) (end 1.75 -1.8) (layer F.CrtYd) (width 0.05))
    (fp_line (start 1.75 -1.8) (end 1.75 24.6) (layer F.CrtYd) (width 0.05))
    (fp_line (start 1.75 24.6) (end -1.8 24.6) (layer F.CrtYd) (width 0.05))
    (fp_line (start -1.8 24.6) (end -1.8 -1.8) (layer F.CrtYd) (width 0.05))
    (fp_text user %R (at 0 11.43) (layer F.Fab)
      (effects (font (size 1 1) (thickness 0.15)))
    )
    (pad 10 thru_hole oval (at 0 22.86 270) (size 2.3 2.3) (drill 1) (layers *.Cu *.Mask)
      (net 11 /2))
    (pad 9 thru_hole oval (at 0 20.32 270) (size 2.3 2.3) (drill 1) (layers *.Cu *.Mask)
      (net 12 /3))
    (pad 8 thru_hole oval (at 0 17.78 270) (size 2.3 2.3) (drill 1) (layers *.Cu *.Mask)
      (net 13 /4))
    (pad 7 thru_hole oval (at 0 15.24 270) (size 2.3 2.3) (drill 1) (layers *.Cu *.Mask)
      (net 14 /5))
    (pad 6 thru_hole oval (at 0 12.7 270) (size 2.3 2.3) (drill 1) (layers *.Cu *.Mask)
      (net 15 /6))
    (pad 5 thru_hole oval (at 0 10.16 270) (size 2.3 2.3) (drill 1) (layers *.Cu *.Mask)
      (net 16 /7))
    (pad 4 thru_hole oval (at 0 7.62 270) (size 2.3 2.3) (drill 1) (layers *.Cu *.Mask)
      (net 17 /8))
    (pad 3 thru_hole oval (at 0 5.08 270) (size 2.3 2.3) (drill 1) (layers *.Cu *.Mask)
      (net 18 /9))
    (pad 2 thru_hole oval (at 0 2.54 270) (size 2.3 2.3) (drill 1) (layers *.Cu *.Mask)
      (net 19 /10))
    (pad 1 thru_hole rect (at 0 0 270) (size 2.3 2.3) (drill 1) (layers *.Cu *.Mask)
      (net 20 /11))
    (model ${KISYS3DMOD}/Connector_PinSocket_2.54mm.3dshapes/PinSocket_1x10_P2.54mm_Vertical.wrl
      (at (xyz 0 0 0))
      (scale (xyz 1 1 1))
      (rotate (xyz 0 0 0))
    )
  )

  (module Capacitor_SMD:C_0805_2012Metric_Pad1.15x1.40mm_HandSolder (layer B.Cu) (tedit 5B36C52B) (tstamp 5EB8AEDA)
    (at 88.265 46.6725 180)
    (descr "Capacitor SMD 0805 (2012 Metric), square (rectangular) end terminal, IPC_7351 nominal with elongated pad for handsoldering. (Body size source: https://docs.google.com/spreadsheets/d/1BsfQQcO9C6DZCsRaXUlFlo91Tg2WpOkGARC1WS5S8t0/edit?usp=sharing), generated with kicad-footprint-generator")
    (tags "capacitor handsolder")
    (path /5EBC9668)
    (attr smd)
    (fp_text reference C1 (at 0 -1.905) (layer B.SilkS)
      (effects (font (size 1 1) (thickness 0.15)) (justify mirror))
    )
    (fp_text value 0.1uF (at 0 -1.65) (layer B.Fab)
      (effects (font (size 1 1) (thickness 0.15)) (justify mirror))
    )
    (fp_line (start 1.85 -0.95) (end -1.85 -0.95) (layer B.CrtYd) (width 0.05))
    (fp_line (start 1.85 0.95) (end 1.85 -0.95) (layer B.CrtYd) (width 0.05))
    (fp_line (start -1.85 0.95) (end 1.85 0.95) (layer B.CrtYd) (width 0.05))
    (fp_line (start -1.85 -0.95) (end -1.85 0.95) (layer B.CrtYd) (width 0.05))
    (fp_line (start -0.261252 -0.71) (end 0.261252 -0.71) (layer B.SilkS) (width 0.12))
    (fp_line (start -0.261252 0.71) (end 0.261252 0.71) (layer B.SilkS) (width 0.12))
    (fp_line (start 1 -0.6) (end -1 -0.6) (layer B.Fab) (width 0.1))
    (fp_line (start 1 0.6) (end 1 -0.6) (layer B.Fab) (width 0.1))
    (fp_line (start -1 0.6) (end 1 0.6) (layer B.Fab) (width 0.1))
    (fp_line (start -1 -0.6) (end -1 0.6) (layer B.Fab) (width 0.1))
    (fp_text user %R (at 0 0) (layer B.Fab)
      (effects (font (size 0.5 0.5) (thickness 0.08)) (justify mirror))
    )
    (pad 1 smd roundrect (at -1.025 0 180) (size 1.15 1.4) (layers B.Cu B.Paste B.Mask) (roundrect_rratio 0.217391)
      (net 31 /RST))
    (pad 2 smd roundrect (at 1.025 0 180) (size 1.15 1.4) (layers B.Cu B.Paste B.Mask) (roundrect_rratio 0.217391)
      (net 21 /~RESET))
    (model ${KISYS3DMOD}/Capacitor_SMD.3dshapes/C_0805_2012Metric.wrl
      (at (xyz 0 0 0))
      (scale (xyz 1 1 1))
      (rotate (xyz 0 0 0))
    )
  )

  (module Capacitor_SMD:C_0805_2012Metric_Pad1.15x1.40mm_HandSolder (layer B.Cu) (tedit 5B36C52B) (tstamp 5EB8AEEB)
    (at 86.36 61.2775 315)
    (descr "Capacitor SMD 0805 (2012 Metric), square (rectangular) end terminal, IPC_7351 nominal with elongated pad for handsoldering. (Body size source: https://docs.google.com/spreadsheets/d/1BsfQQcO9C6DZCsRaXUlFlo91Tg2WpOkGARC1WS5S8t0/edit?usp=sharing), generated with kicad-footprint-generator")
    (tags "capacitor handsolder")
    (path /5EC2DAD8)
    (attr smd)
    (fp_text reference C2 (at 0 1.65 315) (layer B.SilkS)
      (effects (font (size 1 1) (thickness 0.15)) (justify mirror))
    )
    (fp_text value 22pF (at 0 -1.65 315) (layer B.Fab)
      (effects (font (size 1 1) (thickness 0.15)) (justify mirror))
    )
    (fp_line (start -1 -0.6) (end -1 0.6) (layer B.Fab) (width 0.1))
    (fp_line (start -1 0.6) (end 1 0.6) (layer B.Fab) (width 0.1))
    (fp_line (start 1 0.6) (end 1 -0.6) (layer B.Fab) (width 0.1))
    (fp_line (start 1 -0.6) (end -1 -0.6) (layer B.Fab) (width 0.1))
    (fp_line (start -0.261252 0.71) (end 0.261252 0.71) (layer B.SilkS) (width 0.12))
    (fp_line (start -0.261252 -0.71) (end 0.261252 -0.71) (layer B.SilkS) (width 0.12))
    (fp_line (start -1.85 -0.95) (end -1.85 0.95) (layer B.CrtYd) (width 0.05))
    (fp_line (start -1.85 0.95) (end 1.85 0.95) (layer B.CrtYd) (width 0.05))
    (fp_line (start 1.85 0.95) (end 1.85 -0.95) (layer B.CrtYd) (width 0.05))
    (fp_line (start 1.85 -0.95) (end -1.85 -0.95) (layer B.CrtYd) (width 0.05))
    (fp_text user %R (at 0 0 315) (layer B.Fab)
      (effects (font (size 0.5 0.5) (thickness 0.08)) (justify mirror))
    )
    (pad 2 smd roundrect (at 1.025 0 315) (size 1.15 1.4) (layers B.Cu B.Paste B.Mask) (roundrect_rratio 0.217391)
      (net 10 GND))
    (pad 1 smd roundrect (at -1.025 0 315) (size 1.15 1.4) (layers B.Cu B.Paste B.Mask) (roundrect_rratio 0.217391)
      (net 22 "Net-(C2-Pad1)"))
    (model ${KISYS3DMOD}/Capacitor_SMD.3dshapes/C_0805_2012Metric.wrl
      (at (xyz 0 0 0))
      (scale (xyz 1 1 1))
      (rotate (xyz 0 0 0))
    )
  )

  (module Capacitor_SMD:C_0805_2012Metric_Pad1.15x1.40mm_HandSolder (layer B.Cu) (tedit 5B36C52B) (tstamp 5EB8AEFC)
    (at 89.8525 64.77 315)
    (descr "Capacitor SMD 0805 (2012 Metric), square (rectangular) end terminal, IPC_7351 nominal with elongated pad for handsoldering. (Body size source: https://docs.google.com/spreadsheets/d/1BsfQQcO9C6DZCsRaXUlFlo91Tg2WpOkGARC1WS5S8t0/edit?usp=sharing), generated with kicad-footprint-generator")
    (tags "capacitor handsolder")
    (path /5EC2E17E)
    (attr smd)
    (fp_text reference C3 (at 0 1.65 315) (layer B.SilkS)
      (effects (font (size 1 1) (thickness 0.15)) (justify mirror))
    )
    (fp_text value 22pF (at 0 -1.65 315) (layer B.Fab)
      (effects (font (size 1 1) (thickness 0.15)) (justify mirror))
    )
    (fp_line (start 1.85 -0.95) (end -1.85 -0.95) (layer B.CrtYd) (width 0.05))
    (fp_line (start 1.85 0.95) (end 1.85 -0.95) (layer B.CrtYd) (width 0.05))
    (fp_line (start -1.85 0.95) (end 1.85 0.95) (layer B.CrtYd) (width 0.05))
    (fp_line (start -1.85 -0.95) (end -1.85 0.95) (layer B.CrtYd) (width 0.05))
    (fp_line (start -0.261252 -0.71) (end 0.261252 -0.71) (layer B.SilkS) (width 0.12))
    (fp_line (start -0.261252 0.71) (end 0.261252 0.71) (layer B.SilkS) (width 0.12))
    (fp_line (start 1 -0.6) (end -1 -0.6) (layer B.Fab) (width 0.1))
    (fp_line (start 1 0.6) (end 1 -0.6) (layer B.Fab) (width 0.1))
    (fp_line (start -1 0.6) (end 1 0.6) (layer B.Fab) (width 0.1))
    (fp_line (start -1 -0.6) (end -1 0.6) (layer B.Fab) (width 0.1))
    (fp_text user %R (at 0 0 315) (layer B.Fab)
      (effects (font (size 0.5 0.5) (thickness 0.08)) (justify mirror))
    )
    (pad 1 smd roundrect (at -1.025 0 315) (size 1.15 1.4) (layers B.Cu B.Paste B.Mask) (roundrect_rratio 0.217391)
      (net 10 GND))
    (pad 2 smd roundrect (at 1.025 0 315) (size 1.15 1.4) (layers B.Cu B.Paste B.Mask) (roundrect_rratio 0.217391)
      (net 23 "Net-(C3-Pad2)"))
    (model ${KISYS3DMOD}/Capacitor_SMD.3dshapes/C_0805_2012Metric.wrl
      (at (xyz 0 0 0))
      (scale (xyz 1 1 1))
      (rotate (xyz 0 0 0))
    )
  )

  (module Capacitor_SMD:C_0805_2012Metric_Pad1.15x1.40mm_HandSolder (layer B.Cu) (tedit 5B36C52B) (tstamp 5EB8AF0D)
    (at 102.235 57.4675)
    (descr "Capacitor SMD 0805 (2012 Metric), square (rectangular) end terminal, IPC_7351 nominal with elongated pad for handsoldering. (Body size source: https://docs.google.com/spreadsheets/d/1BsfQQcO9C6DZCsRaXUlFlo91Tg2WpOkGARC1WS5S8t0/edit?usp=sharing), generated with kicad-footprint-generator")
    (tags "capacitor handsolder")
    (path /5EC58145)
    (attr smd)
    (fp_text reference C4 (at 0 1.905) (layer B.SilkS)
      (effects (font (size 1 1) (thickness 0.15)) (justify mirror))
    )
    (fp_text value 0.1uF (at 0 -1.65) (layer B.Fab)
      (effects (font (size 1 1) (thickness 0.15)) (justify mirror))
    )
    (fp_line (start -1 -0.6) (end -1 0.6) (layer B.Fab) (width 0.1))
    (fp_line (start -1 0.6) (end 1 0.6) (layer B.Fab) (width 0.1))
    (fp_line (start 1 0.6) (end 1 -0.6) (layer B.Fab) (width 0.1))
    (fp_line (start 1 -0.6) (end -1 -0.6) (layer B.Fab) (width 0.1))
    (fp_line (start -0.261252 0.71) (end 0.261252 0.71) (layer B.SilkS) (width 0.12))
    (fp_line (start -0.261252 -0.71) (end 0.261252 -0.71) (layer B.SilkS) (width 0.12))
    (fp_line (start -1.85 -0.95) (end -1.85 0.95) (layer B.CrtYd) (width 0.05))
    (fp_line (start -1.85 0.95) (end 1.85 0.95) (layer B.CrtYd) (width 0.05))
    (fp_line (start 1.85 0.95) (end 1.85 -0.95) (layer B.CrtYd) (width 0.05))
    (fp_line (start 1.85 -0.95) (end -1.85 -0.95) (layer B.CrtYd) (width 0.05))
    (fp_text user %R (at 0 0) (layer B.Fab)
      (effects (font (size 0.5 0.5) (thickness 0.08)) (justify mirror))
    )
    (pad 2 smd roundrect (at 1.025 0) (size 1.15 1.4) (layers B.Cu B.Paste B.Mask) (roundrect_rratio 0.217391)
      (net 1 VCC))
    (pad 1 smd roundrect (at -1.025 0) (size 1.15 1.4) (layers B.Cu B.Paste B.Mask) (roundrect_rratio 0.217391)
      (net 10 GND))
    (model ${KISYS3DMOD}/Capacitor_SMD.3dshapes/C_0805_2012Metric.wrl
      (at (xyz 0 0 0))
      (scale (xyz 1 1 1))
      (rotate (xyz 0 0 0))
    )
  )

  (module CommonLibrary:6x6-tact-btn (layer F.Cu) (tedit 5ED9629E) (tstamp 5EB8AF2B)
    (at 89.2175 44.1325 270)
    (path /5EC46676)
    (fp_text reference D1 (at 3.175 2.2225 90) (layer F.SilkS)
      (effects (font (size 1 1) (thickness 0.15)))
    )
    (fp_text value 6x6-tact-btn (at 0 -0.5 90) (layer F.Fab)
      (effects (font (size 1 1) (thickness 0.15)))
    )
    (fp_circle (center 3.25 2.25) (end 1.25 2.5) (layer F.Fab) (width 0.1))
    (fp_line (start 6.75 3) (end 6.75 1.5) (layer F.SilkS) (width 0.12))
    (fp_line (start 5.5 -1) (end 1 -1) (layer F.SilkS) (width 0.12))
    (fp_line (start -0.25 1.5) (end -0.25 3) (layer F.SilkS) (width 0.12))
    (fp_line (start 1 5.5) (end 5.5 5.5) (layer F.SilkS) (width 0.12))
    (fp_line (start 8 -1.25) (end 8 5.75) (layer F.CrtYd) (width 0.05))
    (fp_line (start 7.75 6) (end -1.25 6) (layer F.CrtYd) (width 0.05))
    (fp_line (start -1.5 5.75) (end -1.5 -1.25) (layer F.CrtYd) (width 0.05))
    (fp_line (start -1.25 -1.5) (end 7.75 -1.5) (layer F.CrtYd) (width 0.05))
    (fp_line (start -1.5 6) (end -1.25 6) (layer F.CrtYd) (width 0.05))
    (fp_line (start -1.5 5.75) (end -1.5 6) (layer F.CrtYd) (width 0.05))
    (fp_line (start -1.5 -1.5) (end -1.25 -1.5) (layer F.CrtYd) (width 0.05))
    (fp_line (start -1.5 -1.25) (end -1.5 -1.5) (layer F.CrtYd) (width 0.05))
    (fp_line (start 8 -1.5) (end 8 -1.25) (layer F.CrtYd) (width 0.05))
    (fp_line (start 7.75 -1.5) (end 8 -1.5) (layer F.CrtYd) (width 0.05))
    (fp_line (start 8 6) (end 8 5.75) (layer F.CrtYd) (width 0.05))
    (fp_line (start 7.75 6) (end 8 6) (layer F.CrtYd) (width 0.05))
    (fp_line (start 0.25 -0.75) (end 3.25 -0.75) (layer F.Fab) (width 0.1))
    (fp_line (start 0.25 5.25) (end 0.25 -0.75) (layer F.Fab) (width 0.1))
    (fp_line (start 6.25 5.25) (end 0.25 5.25) (layer F.Fab) (width 0.1))
    (fp_line (start 6.25 -0.75) (end 6.25 5.25) (layer F.Fab) (width 0.1))
    (fp_line (start 3.25 -0.75) (end 6.25 -0.75) (layer F.Fab) (width 0.1))
    (pad 2 thru_hole roundrect (at 0 4.5) (size 2.3 2.3) (drill 1.1) (layers *.Cu *.Mask) (roundrect_rratio 0.25)
      (net 10 GND))
    (pad 1 thru_hole roundrect (at 0 0) (size 2.3 2.3) (drill 1.1) (layers *.Cu *.Mask) (roundrect_rratio 0.25)
      (net 31 /RST))
    (pad 2 thru_hole roundrect (at 6.5 4.5) (size 2.3 2.3) (drill 1.1) (layers *.Cu *.Mask) (roundrect_rratio 0.25)
      (net 10 GND))
    (pad 1 thru_hole roundrect (at 6.5 0) (size 2.3 2.3) (drill 1.1) (layers *.Cu *.Mask) (roundrect_rratio 0.25)
      (net 31 /RST))
  )

  (module LED_SMD:LED_0805_2012Metric_Pad1.15x1.40mm_HandSolder (layer F.Cu) (tedit 5B4B45C9) (tstamp 5EB8AF3E)
    (at 103.75 36.5125)
    (descr "LED SMD 0805 (2012 Metric), square (rectangular) end terminal, IPC_7351 nominal, (Body size source: https://docs.google.com/spreadsheets/d/1BsfQQcO9C6DZCsRaXUlFlo91Tg2WpOkGARC1WS5S8t0/edit?usp=sharing), generated with kicad-footprint-generator")
    (tags "LED handsolder")
    (path /5EC11726)
    (attr smd)
    (fp_text reference D2 (at -2.8575 -0.0725 270) (layer F.SilkS)
      (effects (font (size 1 1) (thickness 0.15)))
    )
    (fp_text value LED (at 3.175 -0.0725 180) (layer F.Fab)
      (effects (font (size 1 1) (thickness 0.15)))
    )
    (fp_line (start 1.85 0.95) (end -1.85 0.95) (layer F.CrtYd) (width 0.05))
    (fp_line (start 1.85 -0.95) (end 1.85 0.95) (layer F.CrtYd) (width 0.05))
    (fp_line (start -1.85 -0.95) (end 1.85 -0.95) (layer F.CrtYd) (width 0.05))
    (fp_line (start -1.85 0.95) (end -1.85 -0.95) (layer F.CrtYd) (width 0.05))
    (fp_line (start -1.86 0.96) (end 1 0.96) (layer F.SilkS) (width 0.12))
    (fp_line (start -1.86 -0.96) (end -1.86 0.96) (layer F.SilkS) (width 0.12))
    (fp_line (start 1 -0.96) (end -1.86 -0.96) (layer F.SilkS) (width 0.12))
    (fp_line (start 1 0.6) (end 1 -0.6) (layer F.Fab) (width 0.1))
    (fp_line (start -1 0.6) (end 1 0.6) (layer F.Fab) (width 0.1))
    (fp_line (start -1 -0.3) (end -1 0.6) (layer F.Fab) (width 0.1))
    (fp_line (start -0.7 -0.6) (end -1 -0.3) (layer F.Fab) (width 0.1))
    (fp_line (start 1 -0.6) (end -0.7 -0.6) (layer F.Fab) (width 0.1))
    (fp_text user %R (at 0 0 180) (layer F.Fab)
      (effects (font (size 0.5 0.5) (thickness 0.08)))
    )
    (pad 1 smd roundrect (at -1.025 0) (size 1.15 1.4) (layers F.Cu F.Paste F.Mask) (roundrect_rratio 0.217391)
      (net 24 "Net-(D2-Pad1)"))
    (pad 2 smd roundrect (at 1.025 0) (size 1.15 1.4) (layers F.Cu F.Paste F.Mask) (roundrect_rratio 0.217391)
      (net 3 /13))
    (model ${KISYS3DMOD}/LED_SMD.3dshapes/LED_0805_2012Metric.wrl
      (at (xyz 0 0 0))
      (scale (xyz 1 1 1))
      (rotate (xyz 0 0 0))
    )
  )

  (module Connector_PinHeader_2.54mm:PinHeader_1x05_P2.54mm_Vertical (layer F.Cu) (tedit 5EB870FF) (tstamp 5EB8AF57)
    (at 81.28 46.0375)
    (descr "Through hole straight pin header, 1x05, 2.54mm pitch, single row")
    (tags "Through hole pin header THT 1x05 2.54mm single row")
    (path /5EBCC8CB)
    (fp_text reference J3 (at 0 -2.33) (layer F.SilkS) hide
      (effects (font (size 1 1) (thickness 0.15)))
    )
    (fp_text value Conn_01x05_Male (at 0 12.49) (layer F.Fab)
      (effects (font (size 1 1) (thickness 0.15)))
    )
    (fp_line (start 1.8 -1.8) (end -1.8 -1.8) (layer F.CrtYd) (width 0.05))
    (fp_line (start 1.8 11.95) (end 1.8 -1.8) (layer F.CrtYd) (width 0.05))
    (fp_line (start -1.8 11.95) (end 1.8 11.95) (layer F.CrtYd) (width 0.05))
    (fp_line (start -1.8 -1.8) (end -1.8 11.95) (layer F.CrtYd) (width 0.05))
    (fp_line (start -1.33 -1.33) (end 0 -1.33) (layer F.SilkS) (width 0.12))
    (fp_line (start -1.33 0) (end -1.33 -1.33) (layer F.SilkS) (width 0.12))
    (fp_line (start -1.33 1.27) (end 1.33 1.27) (layer F.SilkS) (width 0.12))
    (fp_line (start 1.33 1.27) (end 1.33 11.49) (layer F.SilkS) (width 0.12))
    (fp_line (start -1.33 1.27) (end -1.33 11.49) (layer F.SilkS) (width 0.12))
    (fp_line (start -1.33 11.49) (end 1.33 11.49) (layer F.SilkS) (width 0.12))
    (fp_line (start -1.27 -0.635) (end -0.635 -1.27) (layer F.Fab) (width 0.1))
    (fp_line (start -1.27 11.43) (end -1.27 -0.635) (layer F.Fab) (width 0.1))
    (fp_line (start 1.27 11.43) (end -1.27 11.43) (layer F.Fab) (width 0.1))
    (fp_line (start 1.27 -1.27) (end 1.27 11.43) (layer F.Fab) (width 0.1))
    (fp_line (start -0.635 -1.27) (end 1.27 -1.27) (layer F.Fab) (width 0.1))
    (fp_text user %R (at 0 5.08 90) (layer F.Fab)
      (effects (font (size 1 1) (thickness 0.15)))
    )
    (pad 1 thru_hole rect (at 0 0) (size 2 2) (drill 1) (layers *.Cu *.Mask)
      (net 21 /~RESET))
    (pad 2 thru_hole oval (at 0 2.54) (size 2 2) (drill 1) (layers *.Cu *.Mask)
      (net 25 /TX))
    (pad 3 thru_hole oval (at 0 5.08) (size 2 2) (drill 1) (layers *.Cu *.Mask)
      (net 26 /RX))
    (pad 4 thru_hole oval (at 0 7.62) (size 2 2) (drill 1) (layers *.Cu *.Mask)
      (net 1 VCC))
    (pad 5 thru_hole oval (at 0 10.16) (size 2 2) (drill 1) (layers *.Cu *.Mask)
      (net 10 GND))
    (model ${KISYS3DMOD}/Connector_PinHeader_2.54mm.3dshapes/PinHeader_1x05_P2.54mm_Vertical.wrl
      (at (xyz 0 0 0))
      (scale (xyz 1 1 1))
      (rotate (xyz 0 0 0))
    )
  )

  (module Resistor_SMD:R_0805_2012Metric_Pad1.15x1.40mm_HandSolder (layer F.Cu) (tedit 5B36C52B) (tstamp 5EB8AF68)
    (at 95.885 36.5125 180)
    (descr "Resistor SMD 0805 (2012 Metric), square (rectangular) end terminal, IPC_7351 nominal with elongated pad for handsoldering. (Body size source: https://docs.google.com/spreadsheets/d/1BsfQQcO9C6DZCsRaXUlFlo91Tg2WpOkGARC1WS5S8t0/edit?usp=sharing), generated with kicad-footprint-generator")
    (tags "resistor handsolder")
    (path /5EC11FBF)
    (attr smd)
    (fp_text reference R1 (at 2.8575 0 270) (layer F.SilkS)
      (effects (font (size 1 1) (thickness 0.15)))
    )
    (fp_text value 1k (at -2.8575 0 180) (layer F.Fab)
      (effects (font (size 1 1) (thickness 0.15)))
    )
    (fp_line (start 1.85 0.95) (end -1.85 0.95) (layer F.CrtYd) (width 0.05))
    (fp_line (start 1.85 -0.95) (end 1.85 0.95) (layer F.CrtYd) (width 0.05))
    (fp_line (start -1.85 -0.95) (end 1.85 -0.95) (layer F.CrtYd) (width 0.05))
    (fp_line (start -1.85 0.95) (end -1.85 -0.95) (layer F.CrtYd) (width 0.05))
    (fp_line (start -0.261252 0.71) (end 0.261252 0.71) (layer F.SilkS) (width 0.12))
    (fp_line (start -0.261252 -0.71) (end 0.261252 -0.71) (layer F.SilkS) (width 0.12))
    (fp_line (start 1 0.6) (end -1 0.6) (layer F.Fab) (width 0.1))
    (fp_line (start 1 -0.6) (end 1 0.6) (layer F.Fab) (width 0.1))
    (fp_line (start -1 -0.6) (end 1 -0.6) (layer F.Fab) (width 0.1))
    (fp_line (start -1 0.6) (end -1 -0.6) (layer F.Fab) (width 0.1))
    (fp_text user %R (at 0 0 180) (layer F.Fab)
      (effects (font (size 0.5 0.5) (thickness 0.08)))
    )
    (pad 1 smd roundrect (at -1.025 0 180) (size 1.15 1.4) (layers F.Cu F.Paste F.Mask) (roundrect_rratio 0.217391)
      (net 24 "Net-(D2-Pad1)"))
    (pad 2 smd roundrect (at 1.025 0 180) (size 1.15 1.4) (layers F.Cu F.Paste F.Mask) (roundrect_rratio 0.217391)
      (net 10 GND))
    (model ${KISYS3DMOD}/Resistor_SMD.3dshapes/R_0805_2012Metric.wrl
      (at (xyz 0 0 0))
      (scale (xyz 1 1 1))
      (rotate (xyz 0 0 0))
    )
  )

  (module Resistor_SMD:R_0805_2012Metric_Pad1.15x1.40mm_HandSolder (layer B.Cu) (tedit 5B36C52B) (tstamp 5EB8AF79)
    (at 88.265 41.5925 180)
    (descr "Resistor SMD 0805 (2012 Metric), square (rectangular) end terminal, IPC_7351 nominal with elongated pad for handsoldering. (Body size source: https://docs.google.com/spreadsheets/d/1BsfQQcO9C6DZCsRaXUlFlo91Tg2WpOkGARC1WS5S8t0/edit?usp=sharing), generated with kicad-footprint-generator")
    (tags "resistor handsolder")
    (path /5EBC9A5E)
    (attr smd)
    (fp_text reference R2 (at -2.8575 0) (layer B.SilkS)
      (effects (font (size 1 1) (thickness 0.15)) (justify mirror))
    )
    (fp_text value 1k (at 0 -1.65) (layer B.Fab)
      (effects (font (size 1 1) (thickness 0.15)) (justify mirror))
    )
    (fp_line (start -1 -0.6) (end -1 0.6) (layer B.Fab) (width 0.1))
    (fp_line (start -1 0.6) (end 1 0.6) (layer B.Fab) (width 0.1))
    (fp_line (start 1 0.6) (end 1 -0.6) (layer B.Fab) (width 0.1))
    (fp_line (start 1 -0.6) (end -1 -0.6) (layer B.Fab) (width 0.1))
    (fp_line (start -0.261252 0.71) (end 0.261252 0.71) (layer B.SilkS) (width 0.12))
    (fp_line (start -0.261252 -0.71) (end 0.261252 -0.71) (layer B.SilkS) (width 0.12))
    (fp_line (start -1.85 -0.95) (end -1.85 0.95) (layer B.CrtYd) (width 0.05))
    (fp_line (start -1.85 0.95) (end 1.85 0.95) (layer B.CrtYd) (width 0.05))
    (fp_line (start 1.85 0.95) (end 1.85 -0.95) (layer B.CrtYd) (width 0.05))
    (fp_line (start 1.85 -0.95) (end -1.85 -0.95) (layer B.CrtYd) (width 0.05))
    (fp_text user %R (at 0 0) (layer B.Fab)
      (effects (font (size 0.5 0.5) (thickness 0.08)) (justify mirror))
    )
    (pad 2 smd roundrect (at 1.025 0 180) (size 1.15 1.4) (layers B.Cu B.Paste B.Mask) (roundrect_rratio 0.217391)
      (net 21 /~RESET))
    (pad 1 smd roundrect (at -1.025 0 180) (size 1.15 1.4) (layers B.Cu B.Paste B.Mask) (roundrect_rratio 0.217391)
      (net 10 GND))
    (model ${KISYS3DMOD}/Resistor_SMD.3dshapes/R_0805_2012Metric.wrl
      (at (xyz 0 0 0))
      (scale (xyz 1 1 1))
      (rotate (xyz 0 0 0))
    )
  )

  (module Resistor_SMD:R_0805_2012Metric_Pad1.15x1.40mm_HandSolder (layer B.Cu) (tedit 5B36C52B) (tstamp 5EB8AF8A)
    (at 93.345 44.45 180)
    (descr "Resistor SMD 0805 (2012 Metric), square (rectangular) end terminal, IPC_7351 nominal with elongated pad for handsoldering. (Body size source: https://docs.google.com/spreadsheets/d/1BsfQQcO9C6DZCsRaXUlFlo91Tg2WpOkGARC1WS5S8t0/edit?usp=sharing), generated with kicad-footprint-generator")
    (tags "resistor handsolder")
    (path /5EBCA008)
    (attr smd)
    (fp_text reference R3 (at 0 -1.905 180) (layer B.SilkS)
      (effects (font (size 1 1) (thickness 0.15)) (justify mirror))
    )
    (fp_text value 1k (at 0 -1.65 180) (layer B.Fab)
      (effects (font (size 1 1) (thickness 0.15)) (justify mirror))
    )
    (fp_line (start -1 -0.6) (end -1 0.6) (layer B.Fab) (width 0.1))
    (fp_line (start -1 0.6) (end 1 0.6) (layer B.Fab) (width 0.1))
    (fp_line (start 1 0.6) (end 1 -0.6) (layer B.Fab) (width 0.1))
    (fp_line (start 1 -0.6) (end -1 -0.6) (layer B.Fab) (width 0.1))
    (fp_line (start -0.261252 0.71) (end 0.261252 0.71) (layer B.SilkS) (width 0.12))
    (fp_line (start -0.261252 -0.71) (end 0.261252 -0.71) (layer B.SilkS) (width 0.12))
    (fp_line (start -1.85 -0.95) (end -1.85 0.95) (layer B.CrtYd) (width 0.05))
    (fp_line (start -1.85 0.95) (end 1.85 0.95) (layer B.CrtYd) (width 0.05))
    (fp_line (start 1.85 0.95) (end 1.85 -0.95) (layer B.CrtYd) (width 0.05))
    (fp_line (start 1.85 -0.95) (end -1.85 -0.95) (layer B.CrtYd) (width 0.05))
    (fp_text user %R (at 0 0 180) (layer B.Fab)
      (effects (font (size 0.5 0.5) (thickness 0.08)) (justify mirror))
    )
    (pad 2 smd roundrect (at 1.025 0 180) (size 1.15 1.4) (layers B.Cu B.Paste B.Mask) (roundrect_rratio 0.217391)
      (net 25 /TX))
    (pad 1 smd roundrect (at -1.025 0 180) (size 1.15 1.4) (layers B.Cu B.Paste B.Mask) (roundrect_rratio 0.217391)
      (net 27 "Net-(R3-Pad1)"))
    (model ${KISYS3DMOD}/Resistor_SMD.3dshapes/R_0805_2012Metric.wrl
      (at (xyz 0 0 0))
      (scale (xyz 1 1 1))
      (rotate (xyz 0 0 0))
    )
  )

  (module Resistor_SMD:R_0805_2012Metric_Pad1.15x1.40mm_HandSolder (layer B.Cu) (tedit 5B36C52B) (tstamp 5EB8AF9B)
    (at 93.345 49.2125 180)
    (descr "Resistor SMD 0805 (2012 Metric), square (rectangular) end terminal, IPC_7351 nominal with elongated pad for handsoldering. (Body size source: https://docs.google.com/spreadsheets/d/1BsfQQcO9C6DZCsRaXUlFlo91Tg2WpOkGARC1WS5S8t0/edit?usp=sharing), generated with kicad-footprint-generator")
    (tags "resistor handsolder")
    (path /5EBC9D64)
    (attr smd)
    (fp_text reference R4 (at 0 1.65 180) (layer B.SilkS)
      (effects (font (size 1 1) (thickness 0.15)) (justify mirror))
    )
    (fp_text value 1k (at 0 -1.65 180) (layer B.Fab)
      (effects (font (size 1 1) (thickness 0.15)) (justify mirror))
    )
    (fp_line (start 1.85 -0.95) (end -1.85 -0.95) (layer B.CrtYd) (width 0.05))
    (fp_line (start 1.85 0.95) (end 1.85 -0.95) (layer B.CrtYd) (width 0.05))
    (fp_line (start -1.85 0.95) (end 1.85 0.95) (layer B.CrtYd) (width 0.05))
    (fp_line (start -1.85 -0.95) (end -1.85 0.95) (layer B.CrtYd) (width 0.05))
    (fp_line (start -0.261252 -0.71) (end 0.261252 -0.71) (layer B.SilkS) (width 0.12))
    (fp_line (start -0.261252 0.71) (end 0.261252 0.71) (layer B.SilkS) (width 0.12))
    (fp_line (start 1 -0.6) (end -1 -0.6) (layer B.Fab) (width 0.1))
    (fp_line (start 1 0.6) (end 1 -0.6) (layer B.Fab) (width 0.1))
    (fp_line (start -1 0.6) (end 1 0.6) (layer B.Fab) (width 0.1))
    (fp_line (start -1 -0.6) (end -1 0.6) (layer B.Fab) (width 0.1))
    (fp_text user %R (at 0 0 180) (layer B.Fab)
      (effects (font (size 0.5 0.5) (thickness 0.08)) (justify mirror))
    )
    (pad 1 smd roundrect (at -1.025 0 180) (size 1.15 1.4) (layers B.Cu B.Paste B.Mask) (roundrect_rratio 0.217391)
      (net 28 "Net-(R4-Pad1)"))
    (pad 2 smd roundrect (at 1.025 0 180) (size 1.15 1.4) (layers B.Cu B.Paste B.Mask) (roundrect_rratio 0.217391)
      (net 26 /RX))
    (model ${KISYS3DMOD}/Resistor_SMD.3dshapes/R_0805_2012Metric.wrl
      (at (xyz 0 0 0))
      (scale (xyz 1 1 1))
      (rotate (xyz 0 0 0))
    )
  )

  (module Resistor_SMD:R_0805_2012Metric_Pad1.15x1.40mm_HandSolder (layer B.Cu) (tedit 5B36C52B) (tstamp 5EB8AFAC)
    (at 93.345 51.7525 180)
    (descr "Resistor SMD 0805 (2012 Metric), square (rectangular) end terminal, IPC_7351 nominal with elongated pad for handsoldering. (Body size source: https://docs.google.com/spreadsheets/d/1BsfQQcO9C6DZCsRaXUlFlo91Tg2WpOkGARC1WS5S8t0/edit?usp=sharing), generated with kicad-footprint-generator")
    (tags "resistor handsolder")
    (path /5EBC907D)
    (attr smd)
    (fp_text reference R5 (at 0 -1.5875) (layer B.SilkS)
      (effects (font (size 1 1) (thickness 0.15)) (justify mirror))
    )
    (fp_text value 10k (at 0 -1.65) (layer B.Fab)
      (effects (font (size 1 1) (thickness 0.15)) (justify mirror))
    )
    (fp_line (start 1.85 -0.95) (end -1.85 -0.95) (layer B.CrtYd) (width 0.05))
    (fp_line (start 1.85 0.95) (end 1.85 -0.95) (layer B.CrtYd) (width 0.05))
    (fp_line (start -1.85 0.95) (end 1.85 0.95) (layer B.CrtYd) (width 0.05))
    (fp_line (start -1.85 -0.95) (end -1.85 0.95) (layer B.CrtYd) (width 0.05))
    (fp_line (start -0.261252 -0.71) (end 0.261252 -0.71) (layer B.SilkS) (width 0.12))
    (fp_line (start -0.261252 0.71) (end 0.261252 0.71) (layer B.SilkS) (width 0.12))
    (fp_line (start 1 -0.6) (end -1 -0.6) (layer B.Fab) (width 0.1))
    (fp_line (start 1 0.6) (end 1 -0.6) (layer B.Fab) (width 0.1))
    (fp_line (start -1 0.6) (end 1 0.6) (layer B.Fab) (width 0.1))
    (fp_line (start -1 -0.6) (end -1 0.6) (layer B.Fab) (width 0.1))
    (fp_text user %R (at 0 0) (layer B.Fab)
      (effects (font (size 0.5 0.5) (thickness 0.08)) (justify mirror))
    )
    (pad 1 smd roundrect (at -1.025 0 180) (size 1.15 1.4) (layers B.Cu B.Paste B.Mask) (roundrect_rratio 0.217391)
      (net 1 VCC))
